Protein
11302
11305
11306
11308
11352
11363
11364
11370
11409
11416
11418
11419
11423
11426
11428
11429
11430
11431
11432
11459
11461
11464
11465
11468
11472
11475
11479
11484
11487
11488
11496
11502
11512
11513
11514
11515
11517
11518
11519
11532
11534
11544
11551
11564
11565
11566
11625
11632
11636
11637
11639
11640
11641
11651
11652
11657
11658
11668
11669
11671
11674
11676
11677
11733
11735
11736
11737
11739
11740
11744
11745
11747
11749
11750
11757
11758
11764
11765
11767
11769
11771
11772
11773
11774
11775
11776
11777
11778
11784
11785
11789
11793
11803
11804
11816
11820
11829
11836
11837
11838
11840
11841
11842
11843
11844
11845
11848
11852
11853
11855
11857
11867
11877
11881
11883
11886
11891
11898
11899
11907
11927
11928
11931
11932
11933
11937
11938
11941
11944
11946
11947
11949
11950
11957
11958
11964
11966
11972
11973
11975
11980
11981
11983
11988
11990
11991
11992
12028
12032
12033
12034
12035
12036
12039
12041
12143
12168
12176
12183
12211
12215
12217
12259
12260
12261
12262
12266
12282
12283
12286
12287
12288
12289
12290
12293
12294
12295
12296
12297
12298
12300
12301
12304
12306
12307
12308
12314
12315
12317
12321
12322
12323
12325
12326
12328
12330
12331
12333
12334
12336
12340
12343
12345
12349
12351
12359
12361
12385
12386
12387
12404
12406
12408
12411
12417
12424
12457
12461
12462
12464
12465
12466
12467
12468
12469
12490
12492
12496
12505
12520
12521
12527
12534
12539
12540
12549
12552
12554
12558
12561
12563
12565
12566
12567
12568
12570
12571
12631
12632
12651
12652
12653
12661
12662
12669
12671
12672
12704
12709
12716
12721
12724
12725
12751
12757
12759
12785
12799
12801
12804
12805
12846
12847
12848
12850
12857
12858
12859
12861
12864
12865
12866
12867
12874
12876
12889
12890
12891
12892
12894
12896
12908
12927
12928
12929
12933
12934
12936
12939
12942
12950
12955
12971
12972
12974
12995
13000
13001
13002
13003
13004
13007
13010
13014
13016
13017
13030
13033
13039
13043
13046
13052
13063
13101
13121
13135
13138
13162
13167
13169
13171
13175
13176
13177
13191
13193
13194
13195
13196
13199
13200
13205
13206
13207
13209
13340
13346
13358
13360
13367
13382
13383
13384
13385
13401
13405
13424
13426
13427
13429
13430
13437
13446
13476
13480
13483
13494
13495
13518
13527
13528
13589
13602
13609
13627
13628
13629
13641
13642
13649
13660
13664
13665
13669
13680
13681
13682
13684
13690
13722
13723
13726
13728
13800
13804
13806
13807
13821
13822
13823
13829
13836
13838
13839
13840
13841
13844
13845
13846
13848
13849
13850
13854
13855
13858
13859
13860
13869
13885
14004
14007
14026
14030
14057
14066
14070
14073
14077
14081
14083
14085
14086
14104
14109
14149
14151
14167
14169
14182
14183
14184
14186
14187
14191
14194
14199
14200
14218
14225
14226
14227
14228
14229
14232
14248
14251
14252
14254
14255
14257
14265
14269
14270
14272
14299
14319
14325
14359
14360
14376
14381
14387
14394
14395
14396
14397
14400
14401
14402
14403
14406
14415
14417
14420
14432
14433
14447
14450
14457
14467
14473
14479
14489
14544
14545
14555
14567
14569
14571
14580
14586
14593
14605
14609
14626
14629
14630
14645
14651
14660
14661
14664
14670
14672
14674
14677
14678
14679
14680
14681
14682
14683
14685
14686
14687
14688
14693
14694
14695
14696
14697
14700
14701
14702
14704
14706
14707
14708
14718
14719
14733
14735
14751
14758
14768
14775
14782
14784
14788
14790
14799
14800
14802
14803
14805
14806
14807
14809
14810
14811
14812
14814
14816
14823
14824
14827
14828
14852
14854
14860
14862
14863
14864
14866
14869
14870
14873
14874
14886
14904
14923
14924
14933
14936
14950
14957
14976
14979
15078
15107
15108
15115
15122
15135
15159
15165
15166
15168
15185
15194
15199
15204
15211
15212
15239
15254
15275
15277
15289
15356
15369
15374
15382
15384
15387
15444
15452
15461
15463
15469
15473
15481
15482
15488
15502
15505
15510
15511
15512
15516
15519
15525
15526
15528
15567
15569
15571
15572
15893
15898
15925
15926
15929
16001
16180
16195
16210
16211
16329
16341
16410
16412
16414
16418
16423
16430
16432
16434
16438
16439
16440
16443
16467
16480
16485
16490
16492
16494
16497
16498
16499
16500
16502
16508
16510
16511
16513
16519
16520
16522
16525
16531
16536
16542
16560
16561
16563
16564
16565
16568
16569
16570
16572
16573
16574
16579
16590
16592
16593
16594
16646
16648
16649
16650
16653
16661
16664
16665
16667
16669
16678
16681
16706
16709
16728
16765
16783
16784
16785
16795
16796
16800
16818
16828
16832
16833
16852
16897
16898
16906
16971
16976
16993
17025
17035
17101
17113
17117
17118
17126
17136
17152
17161
17169
17179
17183
17196
17207
17237
17252
17254
17274
17289
17294
17319
17330
17356
17357
17436
17441
17448
17449
17463
17470
17475
17524
17527
17532
17698
17706
17708
17709
17711
17713
17716
17717
17718
17719
17720
17721
17748
17750
17751
17754
17755
17756
17758
17760
17761
17762
17827
17850
17855
17886
17896
17904
17912
17918
17919
17920
17931
17938
17955
17957
17967
17968
17973
17974
17988
17991
17992
17993
17995
17999
18000
18002
18007
18015
18016
18039
18040
18041
18082
18099
18100
18102
18103
18107
18108
18115
18117
18120
18125
18145
18148
18163
18164
18176
18183
18186
18187
18189
18191
18195
18196
18197
18212
18213
18220
18221
18222
18223
18242
18293
18377
18412
18415
18453
18458
18472
18475
18476
18477
18479
18481
18483
18484
18488
18518
18521
18534
18537
18546
18548
18549
18555
18557
18563
18570
18571
18573
18574
18577
18582
18595
18596
18597
18604
18607
18611
18619
18632
18637
18641
18642
18643
18645
18647
18648
18655
18663
18673
18674
18679
18693
18708
18711
18717
18718
18719
18738
18739
18746
18747
18749
18750
18751
18752
18753
18754
18755
18767
18777
18786
18795
18797
18799
18803
18807
18810
18813
18823
18824
18826
18844
18845
18846
18938
18950
18951
18952
18984
19025
19027
19035
19042
19043
19044
19045
19046
19047
19049
19052
19053
19055
19056
19057
19058
19060
19063
19070
19072
19079
19082
19084
19085
19087
19088
19089
19092
19099
19122
19125
19126
19139
19141
19155
19156
19157
19158
19159
19166
19167
19170
19172
19173
19175
19177
19179
19181
19182
19184
19185
19186
19188
19205
19210
19211
19215
19221
19229
19230
19231
19241
19242
19243
19244
19246
19247
19255
19259
19261
19262
19266
19267
19268
19270
19271
19272
19275
19276
19279
19280
19281
19283
19290
19291
19293
19294
19298
19299
19305
19309
19317
19324
19325
19326
19328
19330
19334
19335
19336
19337
19338
19339
19341
19342
19344
19345
19346
19349
19352
19353
19354
19359
19384
19385
19387
19414
19415
19417
19418
19659
19679
19684
19704
19707
19744
19765
19775
19876
19877
19878
19889
19894
19896
19899
19921
19933
19934
19935
19941
19942
19943
19944
19946
19951
19981
19982
19988
19989
20005
20014
20024
20042
20044
20054
20055
20068
20084
20085
20088
20091
20102
20103
20104
20111
20115
20116
20130
20163
20168
20174
20184
20190
20191
20192
20193
20196
20202
20203
20224
20226
20239
20254
20255
20257
20262
20265
20266
20271
20273
20274
20280
20312
20316
20318
20320
20322
20333
20334
20336
20338
20340
20341
20342
20351
20352
20354
20361
20362
20370
20394
20397
20399
20403
20404
20405
20408
20411
20430
20463
20479
20480
20496
20498
20501
20510
20511
20512
20515
20516
20525
20527
20533
20536
20538
20539
20541
20544
20603
20610
20614
20616
20617
20618
20619
20623
20646
20648
20650
20655
20656
20660
20661
20662
20692
20701
20713
20714
20719
20739
20740
20741
20742
20745
20751
20779
20810
20817
20818
20822
20832
20844
20867
20869
20874
20901
20907
20909
20910
20916
20917
20918
20930
20955
20964
20965
20971
20972
20974
20977
20979
20980
20981
21346
21351
21367
21379
21399
21402
21422
21454
21672
21762
21763
21780
21807
21823
21838
21854
21855
21856
21871
21872
21873
21881
21894
21912
21915
21916
21917
21923
21960
21968
21981
21982
21983
21985
21991
22003
22004
22017
22019
22027
22031
22041
22042
22070
22084
22088
22099
22117
22121
22122
22123
22141
22142
22144
22145
22151
22152
22153
22154
22166
22174
22187
22190
22192
22195
22200
22201
22202
22210
22214
22215
22217
22221
22223
22225
22230
22239
22240
22249
22253
22258
22272
22273
22276
22284
22317
22318
22319
22321
22327
22329
22330
22333
22334
22335
22342
22343
22350
22352
22359
22365
22368
22375
22378
22384
22388
22393
22428
22608
22612
22627
22628
22629
22630
22631
22668
22782
22784
22785
22793
23789
23790
23792
23797
23806
23821
23825
23827
23859
23874
23879
23881
23888
23897
23908
23912
23918
23934
23936
23945
23948
23950
23963
23964
23965
23966
23969
23970
23980
23983
23984
23986
23988
23996
23997
23999
24001
24012
24015
24044
24045
24050
24064
24067
24068
24071
24109
24127
26357
26358
26370
26372
26384
26385
26394
26395
26396
26398
26399
26400
26408
26413
26414
26417
26419
26422
26431
26440
26441
26442
26443
26444
26445
26446
26450
26451
26457
26462
26554
26556
26557
26558
26562
26569
26570
26572
26611
26754
26757
26874
26875
26891
26893
26894
26895
26897
26900
26905
26912
26913
26921
26922
26926
26931
26932
26936
26940
26941
26943
26949
26950
26951
26961
26965
27041
27045
27050
27053
27054
27061
27062
27096
27176
27204
27207
27267
27277
27357
27360
27364
27367
27369
27370
27373
27374
27376
27377
27393
27397
27398
27402
27406
27407
27425
27643
27801
27973
27979
27984
27999
28000
28006
28015
28018
28028
28030
28064
28080
28088
28106
28169
28185
28200
28295
29809
29811
29812
29816
29858
29859
29873
29876
30052
30055
30056
30057
30058
30059
30785
30795
30853
30926
30930
30948
30957
30960
50492
50493
50527
50529
50708
50709
50720
50769
50773
50779
50781
50790
50791
50797
50799
50850
50868
50876
50884
50907
50918
50932
50933
50934
50997
51791
51792
51793
51797
51798
51799
51810
51886
52036
52055
52064
52123
52163
52174
52187
52250
52389
52398
52432
52440
52443
52469
52538
52551
52585
52588
52589
52633
52635
52637
52653
52665
52696
52700
52822
52840
52850
52858
52882
52892
52897
53310
53313
53320
53321
53322
53323
53328
53330
53331
53332
53333
53375
53379
53381
53382
53413
53416
53420
53421
53424
53598
53600
53602
53605
53611
53612
53623
53627
53761
53857
53860
53869
53870
53872
53881
53883
53895
53896
53972
54003
54004
54122
54126
54127
54130
54138
54160
54161
54170
54189
54195
54198
54204
54208
54217
54338
54376
54384
54393
54401
54403
54405
54411
54473
54525
54526
54609
54636
54637
54638
54645
54646
54670
54673
54683
54709
54712
54722
54725
55943
55944
55946
55948
55949
55960
55980
55984
55988
55992
56012
56013
56018
56040
56041
56043
56044
56046
56077
56079
56085
56086
56088
56174
56177
56187
56188
56199
56205
56207
56208
56209
56212
56213
56214
56216
56217
56228
56248
56273
56280
56282
56284
56294
56297
56298
56305
56307
56320
56322
56327
56330
56334
56347
56348
56350
56351
56357
56360
56363
56370
56376
56378
56382
56384
56389
56390
56398
56403
56409
56418
56420
56421
56424
56426
56428
56430
56431
56433
56434
56436
56440
56442
56443
56444
56445
56447
56451
56454
56455
56457
56461
56462
56463
56471
56473
56491
56495
56505
56508
56524
56526
56527
56529
56530
56533
56541
56542
56543
56550
56551
56612
56632
56637
56690
56695
56697
56699
56700
56705
56709
56710
56715
56716
56717
56726
56735
56736
56737
56747
56748
56749
56752
56784
56795
56807
56808
56812
56839
56876
57028
57138
57279
57294
57296
57312
57320
57339
57340
57377
57423
57440
57738
57740
57743
57748
57752
57754
57776
57778
57780
57808
57815
57816
57874
58175
58184
58187
58194
58200
58222
58233
58234
58235
58244
58249
58523
58799
58810
58869
58875
58994
58996
59010
59012
59013
59021
59025
59026
59027
59029
59033
59035
59040
59041
59042
59044
59046
59054
59069
59079
59093
59095
59125
59288
60409
60441
60507
60525
60595
60596
63828
63985
63986
64009
64011
64051
64136
64138
64143
64176
64291
64294
64295
64337
64383
64384
64451
64655
64656
64704
64930
64933
65019
65079
65102
65106
65111
65114
65246
65254
65945
65962
65967
65973
66043
66044
66046
66048
66049
66054
66071
66073
66075
66082
66084
66085
66087
66091
66098
66105
66108
66119
66128
66144
66147
66152
66155
66162
66163
66169
66171
66191
66193
66194
66201
66204
66212
66218
66226
66235
66237
66242
66245
66248
66251
66258
66259
66271
66290
66302
66314
66335
66355
66359
66374
66375
66383
66385
66399
66407
66411
66413
66414
66416
66419
66425
66427
66437
66439
66445
66447
66448
66449
66455
66459
66461
66469
66471
66475
66477
66480
66481
66482
66488
66489
66493
66495
66508
66514
66525
66530
66569
66576
66588
66589
66590
66592
66593
66606
66609
66616
66624
66629
66656
66658
66659
66663
66679
66682
66691
66694
66700
66701
66706
66711
66713
66734
66736
66753
66797
66821
66827
66834
66840
66841
66847
66849
66861
66865
66870
66871
66881
66882
66885
66890
66894
66902
66904
66911
66914
66915
66916
66917
66922
66945
66948
66958
66964
66972
66973
66988
66997
66998
67003
67006
67025
67035
67036
67040
67041
67043
67048
67054
67059
67064
67067
67068
67074
67080
67089
67092
67097
67115
67123
67126
67130
67144
67145
67150
67151
67154
67160
67163
67166
67180
67184
67186
67199
67201
67204
67211
67212
67228
67231
67247
67252
67254
67264
67267
67272
67273
67281
67283
67286
67295
67299
67300
67306
67308
67311
67326
67345
67374
67391
67397
67412
67417
67426
67427
67433
67437
67440
67443
67452
67453
67457
67458
67460
67474
67475
67488
67490
67511
67516
67529
67530
67561
67564
67602
67610
67615
67657
67665
67671
67673
67675
67680
67681
67683
67703
67707
67713
67726
67732
67738
67759
67760
67763
67767
67771
67776
67784
67790
67801
67803
67804
67808
67809
67811
67812
67815
67824
67826
67834
67838
67839
67841
67851
67857
67863
67864
67865
67870
67871
67878
67881
67886
67890
67891
67892
67894
67895
67897
67898
67900
67903
67914
67916
67921
67923
67938
67941
67943
67951
67952
67955
67971
67972
67974
67979
67980
67988
67994
67998
68015
68021
68032
68038
68045
68051
68052
68053
68055
68059
68087
68089
68095
68097
68106
68115
68117
68126
68133
68135
68165
68166
68184
68193
68194
68196
68197
68202
68203
68215
68239
68251
68262
68263
68267
68291
68292
68299
68312
68316
68337
68342
68346
68349
68365
68375
68420
68423
68428
68431
68436
68449
68463
68472
68473
68477
68493
68499
68519
68523
68524
68537
68539
68563
68572
68576
68581
68585
68606
68611
68614
68631
68636
68646
68653
68666
68671
68682
68724
68732
68738
68758
68767
68817
68818
68836
68839
68889
68915
68917
68926
68938
68942
68944
68953
68969
68971
68977
68995
69008
69017
69024
69046
69051
69076
69077
69080
69082
69089
69091
69104
69116
69131
69150
69156
69162
69163
69168
69178
69202
69219
69225
69352
69367
69399
69499
69527
69551
69562
69582
69597
69601
69605
69617
69632
69634
69642
69654
69656
69668
69683
69684
69692
69697
69713
69719
69727
69773
69780
69807
69834
69875
69893
69894
69908
69923
69938
69940
69956
69981
70025
70082
70099
70120
70160
70207
70223
70231
70247
70248
70257
70310
70349
70350
70356
70361
70369
70375
70381
70405
70415
70420
70425
70432
70435
70456
70465
70478
70495
70527
70530
70533
70549
70560
70564
70572
70584
70604
70620
70661
70675
70729
70747
70750
70757
70762
70791
70804
70829
70834
70839
70911
70974
70984
71146
71147
71206
71207
71302
71409
71435
71436
71472
71474
71514
71529
71678
71679
71701
71703
71729
71732
71733
71743
71745
71755
71764
71770
71772
71780
71795
71803
71807
71835
71853
71881
71889
71902
71911
71923
71927
71941
71946
71947
71955
71960
71974
71978
71984
71994
71998
72003
72014
72017
72018
72029
72039
72042
72108
72113
72125
72145
72157
72168
72170
72179
72183
72194
72205
72320
72341
72349
72393
72404
72416
72469
72479
72480
72482
72508
72519
72535
72542
72543
72552
72584
72590
72621
72630
72634
72674
72685
72722
72726
72727
72729
72736
72748
72795
72821
72831
72832
72852
72899
72900
72930
72946
72948
72961
72978
72993
73046
73062
73067
73078
73094
73095
73102
73124
73132
73158
73166
73178
73242
73251
73288
73333
73340
73385
73419
73420
73442
73447
73467
73649
73658
73677
73699
73710
73723
73724
73728
73744
73804
73825
73830
73834
73991
74006
74007
74012
74013
74018
74020
74053
74091
74100
74103
74104
74114
74117
74125
74142
74143
74159
74167
74185
74187
74192
74205
74222
74244
74252
74256
74287
74302
74309
74316
74318
74325
74334
74340
74342
74370
74383
74411
74440
74486
74513
74525
74551
74552
74600
74610
74616
74718
74741
74770
74776
74781
74838
74840
74868
74901
74915
74996
74998
75007
75089
75209
75221
75406
75423
75454
75475
75530
75572
75597
75607
75608
75612
75617
75624
75659
75669
75686
75687
75705
75717
75734
75744
75751
75770
75778
75786
75805
75909
75914
75985
76055
76080
76089
76108
76156
76161
76178
76192
76238
76257
76263
76267
76273
76299
76302
76303
76308
76338
76408
76467
76482
76499
76501
76510
76522
76551
76561
76563
76577
76608
76614
76626
76686
76707
76709
76722
76740
76742
76784
76787
76795
76808
76809
76813
76820
76824
76826
76846
76884
76886
76916
76932
76959
76960
76965
76983
76987
77006
77038
77097
77116
77134
77219
77407
77521
77531
77569
77573
77579
77582
77629
77697
77721
77766
77767
77781
77980
78038
78232
78283
78294
78330
78339
78428
78523
78618
78653
78655
78688
78779
78798
78808
78829
78830
78885
78920
78928
78937
79044
79059
80280
80286
80334
80385
80707
80708
80718
80743
80749
80751
80837
80877
80883
80890
80904
80906
80907
80911
80976
80987
81489
81535
81905
81909
81910
83397
83409
83431
83485
83493
83674
83767
83814
83945
83965
83997
84652
85305
93684
93687
93692
93712
93730
93739
93747
93765
94040
94044
94061
94062
94063
94065
94067
94090
94109
94180
94181
94186
94190
94214
94217
94219
94221
94229
94253
94280
94282
94332
96979
97212
97387
97487
97820
98170
98221
98238
98258
98314
98366
98660
98732
98758
98766
98878
98932
99031
99045
99138
99237
99326
99371
99412
99470
99512
99633
99650
100206
100226
100383
100434
100532
100604
100678
100732
100756
100900
101240
101314
101476
101489
101809
102058
102060
102093
102247
102278
102323
102436
102866
103080
103236
103425
103466
103573
103694
103711
103724
103733
103742
103768
103775
103850
103963
103967
103978
104001
104015
104027
104069
104082
104111
104112
104130
104174
104184
104215
104303
104318
104418
104444
104458
104718
104721
104776
104799
104831
104886
105000
105014
105083
105148
105245
105278
105298
105445
105446
105504
105513
105653
105675
105689
105782
105787
105847
105853
106529
106572
106763
106794
106861
106957
107029
107045
107065
107227
107242
107260
107271
107272
107305
107358
107368
107371
107476
107508
107513
107568
107569
107652
107684
107702
107723
107732
107733
107747
107767
107831
107951
107970
107975
108012
108030
108037
108052
108058
108068
108069
108071
108073
108079
108083
108099
108100
108116
108123
108124
108147
108148
108155
108156
108645
108654
108664
108679
108686
108699
108737
108800
108841
108888
108903
108909
108958
108989
109006
109093
109108
109136
109154
109168
109232
109246
109264
109294
109349
109359
109552
109648
109652
109672
109674
109676
109689
109711
109731
109754
109778
109785
109801
109857
109880
109900
109905
109934
110058
110078
110119
110157
110175
110196
110197
110198
110208
110265
110279
110312
110323
110351
110355
110379
110380
110391
110446
110460
110524
110611
110639
110651
110695
110750
110821
110826
110842
110854
110891
110911
110920
110954
110957
110959
110960
111173
113868
114584
114641
114664
114679
114713
114715
114863
114893
114896
116733
116837
116838
116873
117146
117148
117150
117592
118451
121021
121022
140481
140483
140492
140546
140559
140570
140579
140580
140740
140919
170571
170638
170711
170719
170728
170731
170738
170750
170758
170759
170789
170790
170835
170930
171171
171180
171210
171281
171282
171429
171486
171508
192113
192161
192166
192167
192169
192170
192173
192176
192197
192198
192662
192950
193740
193742
193813
194401
194590
207182
207227
207304
207375
207393
207565
207615
207728
207958
208092
208158
208194
208618
208643
208666
208691
208715
208718
208727
208846
208869
208922
208967
209018
209027
209131
209318
209462
209586
209630
209966
210044
210146
210274
210376
210766
210933
210992
210998
211134
211151
211389
211446
211488
211548
211673
211914
212032
212139
212307
212531
212627
212647
212679
212999
213053
213056
213326
213350
213484
213539
213541
213760
213827
213988
213990
214063
214150
214230
214345
214459
214579
214663
214897
214931
214932
214952
215008
215114
215378
215449
215494
215615
215690
215708
215821
215951
215999
216001
216019
216049
216080
216131
216134
216136
216152
216169
216188
216190
216197
216238
216344
216363
216439
216440
216443
216456
216459
216551
216558
216565
216613
216705
216739
216767
216792
216810
216820
216821
216831
216856
216961
216963
216965
217030
217057
217124
217149
217219
217310
217331
217342
217365
217449
217473
217480
217517
217666
217692
217695
217707
217737
217779
217830
217866
217869
217882
217893
218035
218038
218194
218236
218460
218461
218506
218639
218693
218756
218952
219189
219249
223254
223255
223435
223593
223601
223626
223666
223691
223696
223722
223723
223739
223754
224020
224105
224129
224250
224481
224650
224705
224727
224742
224807
224860
224897
224904
224997
225010
225326
225362
225363
225392
225655
225791
225849
225870
225875
225887
225896
225913
226016
226090
226144
226180
226251
226407
226414
226432
226499
226562
226591
226646
226652
226744
226751
226757
226778
226781
226849
226856
226922
226977
227095
227120
227154
227197
227298
227325
227331
227446
227541
227613
227620
227624
227632
227634
227693
227700
227731
227753
227800
227937
228026
228061
228071
228136
228140
228355
228359
228545
228550
228607
228769
228836
228850
228858
228960
228994
228998
229096
229211
229227
229279
229285
229317
229363
229487
229521
229534
229589
229663
229706
229707
229709
229715
229725
229759
229791
229905
229949
230027
230075
230085
230101
230125
230163
230233
230249
230577
230598
230649
230709
230775
230861
230863
230866
230868
230872
230904
230935
230959
231051
231086
231148
231380
231549
231570
231580
231659
231760
231801
231807
231876
231887
231912
232023
232087
232146
232157
232187
232227
232333
232341
232370
232533
232536
232664
232813
232906
232910
232944
232969
232975
232989
233016
233067
233071
233204
233405
233489
233724
233726
233744
233805
233870
233871
233878
233908
233913
234214
234267
234309
234353
234365
234388
234577
234593
234594
234663
234664
234678
234695
234729
234730
234734
234797
234847
234852
235044
235072
235106
235315
235339
235380
235402
235431
235442
235461
235574
235604
235606
235611
235661
235674
236511
236539
236727
236792
236900
236915
237422
237459
237542
237553
237847
237868
237979
238024
238130
238217
238276
238463
238799
238871
238880
238988
239217
239318
239528
239555
239667
239719
239796
239857
240028
240057
240058
240121
240255
240283
240334
240614
240753
241062
241134
241263
241296
241520
241568
241638
241656
241727
241770
241919
242151
242274
242291
242384
242425
242474
242481
242667
242851
242894
243043
243219
243312
243548
243621
243819
243961
244310
244373
244548
244654
244723
244745
245049
245537
245607
245638
245666
245684
245860
245877
245880
246221
246317
246703
252870
257633
259279
259300
259302
260297
260299
260302
260315
264895
266692
266781
267019
268345
268373
268449
268490
268566
268860
268890
268902
268932
268934
268980
269060
269109
269116
269180
269261
269295
269338
269378
269523
269587
269614
269615
269642
269643
269682
269713
269774
269784
269854
269951
269994
270058
270076
270097
270106
270151
270160
270162
270190
270192
270685
271457
271564
271697
271981
272031
272381
272396
276770
276846
277360
279653
319150
319180
319186
319191
319195
319278
319352
319387
319468
319504
319518
319554
319613
319636
319642
319655
319713
319740
319807
319924
319945
319996
320011
320024
320129
320150
320165
320265
320271
320299
320365
320405
320472
320473
320495
320506
320528
320634
320714
320717
320806
320840
320873
320878
320938
320951
320981
321022
326618
326619
327814
327900
327958
328232
328778
329152
329165
329251
329777
329908
329910
330050
330192
330267
330286
330319
330369
330401
330814
330914
331026
331461
331487
331532
332110
333433
338320
338355
338359
338366
338367
347722
353172
353211
353242
360013
360198
380684
380686
380702
380711
380752
380768
380773
380785
380836
380840
381038
381045
381290
381314
381511
381760
381813
381921
381979
381983
382014
382018
382056
382253
383348
384009
384281
386649
399558
403187
407785
407819
414872
432442
432516
432530
432572
433256
433771
433813
433904
433926
544963
545156
545389
545486
546071
574402
595136
606496
625249
625328
629378
636808
641376
654795
664883
664994
665113
665180
666586
668212
668218
100037258
100039795
100126824
100503605
100503670
