EntrezID
104015
18163
30948
64051
13043
207227
217737
320405
56370
67295
20965
216831
11966
13429
19291
15463
12934
52822
353211
268980
17762
171180
269774
241134
13016
81489
76156
14417
20168
11785
22348
241520
110380
22151
18739
268932
229791
66251
26409
20910
207393
229589
74254
228836
170719
12927
27204
18810
216705
244310
17967
66049
16443
22318
77097
12217
240185
104027
228355
13052
12890
12388
17470
218038
20404
53382
53860
14924
50932
12323
232227
380702
241638
21968
21985
50791
243819
20974
76561
67306
68337
11518
329165
241263
67826
216963
110279
104082
66849
76884
13169
226251
13829
319713
114301
23859
94090
231570
67466
140919
27373
233489
217779
22335
18479
30785
74103
224997
231580
319807
215690
239719
228998
110611
72404
19415
229706
245666
18195
18648
20405
20979
14251
321022
66724
56697
70381
217124
71770
13544
69938
241919
20511
665113
16574
217692
69601
19339
72948
72068
229663
18223
64176
74383
20411
17356
24050
27062
108100
21872
238988
545389
19042
26422
22192
75209
56320
237782
19894
109880
58194
100383
320271
16796
67300
107767
20403
327814
18537
19261
20617
13205
11784
22627
22793
210933
211329
80718
382056
12386
72685
330319
243961
227700
23983
231760
11964
243312
69642
76932
231887
276770
66314
19055
209131
245684
217030
13628
23969
98366
216810
229096
320634
208618
235380
214459
234214
71955
18477
26950
69017
14432
11775
218194
11352
20964
13855
53310
20907
12631
56637
228359
